2.086218087112844088e+01	-2.969592938664550097e+00	7.140339491712054176e+00
2.086218087112844088e+01	-2.969592938664550097e+00	7.140339491712054176e+00
1.979177526809536758e+01	-5.318072963190637381e+00	6.843384322396214969e+00
1.757492178769232183e+01	-7.536050727597030097e+00	7.075917992866790129e+00
1.234980443610668743e+01	-7.235051308490781707e+00	5.232552660865178673e+00
1.235475057179833414e+01	-7.225418686006120694e+00	4.817437838468049627e+00
1.235163034602148535e+01	-7.230416090262872686e+00	4.359740576197234319e+00
1.351571236612269900e+01	-6.285758104189374862e+00	4.669500836970118307e+00
1.338211924136432174e+01	-6.423331122047581943e+00	4.245939917911430328e+00
1.337617843991409217e+01	-6.428867971245663782e+00	3.789726865521044097e+00
1.497673276901171491e+01	-3.978736932063748455e+00	2.702131016635765715e+00
1.498001789131520134e+01	-3.971505565596415543e+00	3.157878206990800685e+00
1.498348519284866143e+01	-3.963946857638487309e+00	3.614576020030310755e+00
1.506504974590393964e+01	-1.545163892197884747e+00	6.738020682644052073e+00
1.461758763269732064e+01	-2.282032066144450866e+00	6.725134773632881924e+00
1.330354564448637511e+01	-2.811666425081601250e+00	6.711000908806273202e+00
1.197745849517141004e+01	-2.826652949245541890e+00	6.651580818252004867e+00
1.083452130428891635e+01	-2.826652949245541890e+00	6.573231400255056478e+00
9.686006998202428164e+00	-2.826652949245541890e+00	6.483578366531122406e+00
8.369631026488320913e+00	-2.826652949245541890e+00	6.377723849363270858e+00
8.264222106352400843e+00	-2.781843958622226776e+00	5.686218724854229301e+00
8.986614710118935534e+00	-2.331984333948661448e+00	4.574544138695104678e+00
8.930019180564375603e+00	-2.387348269810079415e+00	4.132103040318011900e+00
8.988843918473202521e+00	-2.330753048886591294e+00	4.132103040318011900e+00
9.251326030708652226e+00	-2.077305839792964459e+00	4.574544138695104678e+00
9.331152289867969074e+00	-1.937881473570915558e+00	4.244535068224176477e+00
9.331115787517022753e+00	-1.939682237809906562e+00	3.795404029039284310e+00
8.987362880715433988e+00	-2.331571088018739246e+00	3.683139838810298272e+00
8.928538142806607070e+00	-2.388166308942227367e+00	3.683139838810298272e+00
8.925901786529465198e+00	-2.389622478840443875e+00	3.234294936736903381e+00
8.955314155483877769e+00	-2.361324868378699815e+00	3.234294936736903381e+00
8.949412353091766192e+00	-2.364584680818745621e+00	2.784621825125861427e+00
8.919999984137353621e+00	-2.392882291280489682e+00	2.784621825125861427e+00
8.913439578882499603e+00	-2.396505877642868931e+00	2.332120501787713795e+00
8.942851947836912174e+00	-2.368208267181124871e+00	2.332120501787713795e+00
9.271814646204987298e+00	-2.019779786381208808e+00	2.050493089108265110e+00
9.301391080084055574e+00	-1.983388389038898580e+00	2.444706937519284029e+00
9.330942472351356543e+00	-1.948232365248915521e+00	2.897724612096454155e+00
9.331080890237432257e+00	-1.941403819338067827e+00	3.346472548944590120e+00
9.680315292667657445e+00	-1.183993930553537410e+00	3.683139838810298272e+00
9.681796330425425978e+00	-1.183175891421389014e+00	4.132103040318011900e+00
9.664406478323899208e+00	-1.081560159922019038e+00	3.795404029039284310e+00
9.664371581044308712e+00	-1.083281741450180302e+00	3.346472548944590120e+00
9.689028474021526449e+00	-1.146243172239074681e+00	3.234294936736903381e+00
9.664233163158232998e+00	-1.090110287361027996e+00	2.897724612096454155e+00
9.694476209260427524e+00	-1.110296056466440806e+00	2.784621825125861427e+00
9.652744602214333725e+00	-1.136175628901946455e+00	2.444706937519284029e+00
9.687915804005573506e+00	-1.113919642828820056e+00	2.332120501787713795e+00
9.663930074920690672e+00	-1.105062487569832941e+00	2.050493089108265110e+00
9.680331766234770541e+00	-1.118108624266775930e+00	1.880979247724985148e+00
9.663779704590734099e+00	-1.112480681351361689e+00	1.597679042982087294e+00
9.242251906920618154e+00	-2.055495590624481395e+00	1.597679042982087294e+00
8.905855541111696638e+00	-2.400694859080824806e+00	1.880979247724985148e+00
8.905855541111696638e+00	-2.400694859080824806e+00	1.880979247724985148e+00
9.073166879675950369e+00	-7.315361447614288970e+00	1.588758792458002223e+00
9.328552763259983394e+00	-7.847001582956921517e+00	2.877585590579450514e+00
9.945483075023664910e+00	-8.303633848647685056e+00	4.644270057916773276e+00
1.060839307996631042e+01	-7.541432671479268990e+00	2.637524753613990303e+00
1.244269963441840332e+01	-7.169185754941237221e+00	2.305321993079531229e+00
1.229491354091927668e+01	-7.271530718532813964e+00	2.780537581268262670e+00
1.232327555998409707e+01	-7.270296440348166911e+00	2.967264808590222458e+00
1.233551048349905699e+01	-7.252122086881524154e+00	3.445823766545164535e+00
1.234862050821273982e+01	-7.235144068214134805e+00	3.903064573650674163e+00
1.350816020656596450e+01	-6.292740468584728575e+00	3.334003323826233878e+00
1.362457881955172567e+01	-6.166493967447546964e+00	2.874181091534195875e+00
1.359927233604529562e+01	-6.191383366463227844e+00	2.400340499118443383e+00
1.370750869346453982e+01	-6.069772160258184890e+00	1.933164441825851787e+00
1.380777359731818699e+01	-5.948118550217714073e+00	1.183269693587680971e+00
1.504141453083059687e+01	-3.820365522733317309e+00	2.245937638009964488e+00
1.502911126864938041e+01	-3.849807713596789860e+00	1.770774503180703840e+00
1.503565681443196311e+01	-3.893435945135833798e+00	1.587657647211376588e+00
1.509690572634426431e+01	-3.736408582701845837e+00	1.111652098220115237e+00
1.126376948120966937e+01	-2.121708660054405726e+00	1.000036535456135578e+00
9.890439605352725039e+00	-2.494588753566381545e+00	1.001246522829430052e+00
9.970095533565233481e+00	-2.136622797134388740e+00	1.000130682364284596e+00
9.815468181977221818e+00	-1.623913653502154997e+00	1.000350930305404340e+00
9.652204796290044797e+00	-1.162805782283341749e+00	1.149402279444747377e+00
9.663554333921057449e+00	-1.123598854070662290e+00	1.149402279444747377e+00
9.671809421157059106e+00	-1.122815872096661227e+00	1.373323807881378311e+00
9.558314044846941471e+00	-1.514885154223456487e+00	1.373323807881378311e+00
9.212614167296527157e+00	-2.094911373805526278e+00	1.149402279444747377e+00
9.212614167296527157e+00	-2.094911373805526278e+00	1.149402279444747377e+00
8.897333196033985203e+00	-2.405402106910710103e+00	1.373323807881378311e+00
8.897333196033985203e+00	-2.405402106910710103e+00	1.373323807881378311e+00
8.889496468478256475e+00	-2.409730659491453153e+00	1.037938218959047365e+00
8.889496468478256475e+00	-2.409730659491453153e+00	1.037938218959047365e+00
8.690429038112252869e+00	-2.519683931865045246e+00	9.218570235100900234e-01
7.594626191754783484e+00	-2.810040451601002243e+00	9.121515199358929404e-01
7.594626191754783484e+00	-2.810040451601002243e+00	9.121515199358929404e-01
6.888030957535474563e+00	-2.804766395616363539e+00	8.940723607511147364e-01
6.888030957535474563e+00	-2.804766395616363539e+00	8.940723607511147364e-01
5.931482615323060870e+00	-2.477875068943789394e+00	9.965202372233288308e-01
5.839831051480449453e+00	-2.426973954875368822e+00	2.036461362901088812e+00
5.201874867364463029e+00	-1.710606788096294295e+00	2.436621582527283003e+00
5.045659287550230410e+00	-1.144407488337877643e+00	2.759546834240097724e+00
5.424088955376860532e+00	-2.022065143175584723e+00	2.759546834240097724e+00
5.913917875442980865e+00	-2.468120027232188818e+00	2.767990473002550189e+00
6.882124544814743672e+00	-2.824569016935237542e+00	2.789210124266454205e+00
8.764868881069224571e+00	-7.288707820848022934e+00	1.468236547820414906e+00
6.930458869430699664e+00	-7.446869062505204973e+00	2.286438769654196346e+00
6.326569930642838457e+00	-7.806288535902606185e+00	2.299760771139567783e+00
6.498825607596769416e+00	-7.937859416482000441e+00	3.017433058112656052e+00
4.720025654453001707e+00	-7.764031418135100004e+00	2.743607041289840343e+00
1.209802299101761847e+00	-6.238907941306166549e+00	1.729920314044278706e+00
-4.015476486863116534e-01	-3.701439943610716377e+00	3.345754086180516840e+00
2.233056330635054376e+00	-7.167239989786052590e+00	3.347098757366033350e+00
4.699701962646233966e+00	-8.292936335871850417e+00	4.038452167941328774e+00
8.717875542224463814e+00	-8.727222140517479687e+00	4.821929332820247716e+00
1.393385807890813410e+01	-5.695034827588509430e+00	5.078934348625195661e+00
1.277213475518435715e+01	-2.397763247532822994e+00	1.000815689251769669e+00
9.854240922437266903e+00	-2.531961923249075763e+00	1.001270537121344617e+00
9.638169783284411096e+00	-3.660112295641061220e+00	1.000518686051280692e+00
8.085802491697140937e+00	-2.774108188399701636e+00	2.848898809717729019e+00
8.747530101250120538e+00	-2.488144625126237131e+00	3.426051003037059672e+00
9.438928593423176139e+00	-1.745517253207990560e+00	4.298697527115757033e+00
8.864107801719692148e+00	-2.411701954370102374e+00	4.298697527115757033e+00
8.856002272444394308e+00	-2.428230905627521530e+00	4.533138709056994564e+00
8.900623327355356551e+00	-2.391532901458226945e+00	4.704589763459101626e+00
8.661135182881499972e+00	-2.535864153999512816e+00	4.976079756664500309e+00
7.893262176236268246e+00	-2.787248918863090008e+00	4.962730031246541884e+00
6.630762349336792205e+00	-2.768886248802415739e+00	4.903167625349361458e+00
5.991946661829939735e+00	-2.511455372424155286e+00	5.058633258333759208e+00
5.973631732131662986e+00	-2.499681915326580572e+00	5.058106560518003114e+00
5.868170551499892085e+00	-2.826652949245541890e+00	6.409914574950043686e+00
4.629498318778482613e+00	-2.826652949245541890e+00	6.396950348241584372e+00
3.364024498319063916e+00	-2.826652949245541890e+00	6.401030994225531678e+00
2.217816486720340485e+00	-2.826652949245541890e+00	6.439849969536826535e+00
1.073529335682419372e+00	-2.826652949245541890e+00	6.450850092470995278e+00
-1.068009772126459617e-01	-2.826652949245541890e+00	6.364492604153644706e+00
-1.298400083130454075e+00	-2.826652949245541890e+00	6.277707155428974062e+00
-2.449651477099806129e+00	-2.826652949245541890e+00	6.283854512340507625e+00
-3.733523326869476744e+00	-2.826652949245541890e+00	6.414124637463928913e+00
-5.033080938993150788e+00	-2.826652949245541890e+00	6.465723386238285464e+00
-6.310257484670700023e+00	-2.826652949245541890e+00	6.379290348217885764e+00
-6.564238798199414582e+00	-2.730160006190998079e+00	5.557627380224647418e+00
-5.981182872705533171e+00	-2.382128049467858499e+00	3.251303160543788540e+00
-5.968181198070273474e+00	-2.362809579755042577e+00	2.751280289558830638e+00
-5.997554667884555712e+00	-2.391220891107693980e+00	2.751280289558830638e+00
-6.014693114270185603e+00	-2.400739528326966354e+00	2.307875621930715049e+00
-6.014693114270185603e+00	-2.400739528326966354e+00	2.307875621930715049e+00
-6.028613665243122810e+00	-2.408470956930370388e+00	1.974046502461960007e+00
-6.035575364447051783e+00	-2.412337461960106122e+00	1.807230517782504542e+00
-6.035575364447051783e+00	-2.412337461960106122e+00	1.807230517782504542e+00
-5.705177631400681904e+00	-2.093456460252501650e+00	2.029664542064014920e+00
-5.646078217849922254e+00	-2.015544255659347250e+00	2.474703941096365156e+00
-5.587019924191755749e+00	-1.940092378731417266e+00	2.917197380539703122e+00
-5.557406788823747057e+00	-1.897341151706441575e+00	3.307470154216151759e+00
-5.310759807933650656e+00	-1.449429918922037652e+00	3.251303160543788540e+00
-5.267097530439962760e+00	-1.104917430926688260e+00	3.307470154216151759e+00
-5.256104482163637570e+00	-1.079969025114468462e+00	2.917197380539703122e+00
-5.226037178642206626e+00	-1.104927867200973912e+00	2.751280289558830638e+00
-5.256415836193239599e+00	-1.098598279337095640e+00	2.474703941096365156e+00
-5.256590421289232040e+00	-1.109044234190675438e+00	2.252148981149316942e+00
-5.268001023945488193e+00	-1.158976182709491543e+00	2.029664542064014920e+00
-5.257079615561293551e+00	-1.138314208534919603e+00	1.640328329302098265e+00
-5.268312329391345195e+00	-1.177602530019463911e+00	1.640328329302098265e+00
-5.410083154995377619e+00	-1.636792617352462731e+00	1.807230517782504542e+00
-1.452606262721098940e+00	-2.458201865314234347e+00	1.000034705589381678e+00
6.605395942448497593e-01	-1.910291873096031434e+00	1.456159013085640996e+00
6.490837946670131586e-01	-2.036545210158501096e+00	2.161068119398381615e+00
2.915488891879416400e-01	-3.475171775272565267e+00	1.325463938117559248e+00
2.330085011054112698e-01	-3.577174563739125013e+00	1.483567387710992946e+00
1.186382136379382501e-01	-3.863278024030551094e+00	1.920560786518715091e+00
6.896896378993400134e-02	-3.968798292074583234e+00	2.343950232821938151e+00
6.644482415700636579e-02	-3.895415539182438991e+00	2.506998227054733075e+00
-2.485238694884144284e+00	-4.595895924961038936e+00	1.000108880603484574e+00
-1.029206084240954056e+00	-5.840174289794300755e+00	1.563946579981194240e+00
-1.080262395981974599e+00	-5.917354131271086004e+00	2.279008780158276348e+00
-1.285668983212974403e+00	-6.156158935208511984e+00	2.707459011418858363e+00
-2.606596939579691075e+00	-7.270323600074616976e+00	3.114573168826739735e+00
-2.569336252416419164e+00	-7.227191739549446048e+00	3.544928573224035873e+00
-2.529475933576004198e+00	-7.208425698671366177e+00	3.709276266034058800e+00
-4.500875820742382238e+00	-8.127018541363472792e+00	4.647203912263299763e+00
-4.074641178413152431e+00	-7.373108274935332496e+00	2.511664808861076015e+00
-4.346966968590628255e+00	-8.215825674486556096e+00	2.668100941080868704e+00
-6.054998678662570022e+00	-8.677624111615436675e+00	1.420513193502388694e+00
-1.082585216336573986e+01	-8.205318036732698772e+00	5.005338982609741194e+00
-9.035297273200054491e+00	-2.451865639406383579e+00	4.959828788158006319e+00
-8.474828953583344315e+00	-2.698264562194212068e+00	4.641061908315560203e+00
-7.739306136770681910e+00	-2.811734535270854707e+00	4.651920434476799926e+00
-6.540281359929737803e+00	-2.669005186998859358e+00	4.689522579304848726e+00
-6.122484515033274732e+00	-2.460606520709735179e+00	3.895830579126548177e+00
-6.691154371200322970e+00	-2.704017904363464897e+00	2.982645565373208019e+00
-6.028597104803644413e+00	-2.424607232441640114e+00	1.640328329302098265e+00
-5.454775342229460477e+00	-1.727713930088239147e+00	1.308268070992172127e+00
-5.291170224865968663e+00	-1.279661710536579733e+00	1.197933147842590529e+00
-5.257472083375812844e+00	-1.161796746082946585e+00	1.197933147842590529e+00
-5.309399923883010075e+00	-1.225900818193978781e+00	1.000210886066627225e+00
-4.992873060087074322e+00	-1.398523533017684617e+00	1.000143508888909682e+00
-5.272510968628911776e+00	-2.570634896671703196e+00	1.000553605400829049e+00
-5.940869163175315215e+00	-2.362855835931712889e+00	1.197933147842590529e+00
-6.057802124021030465e+00	-2.424682131726793699e+00	1.308268070992172127e+00
-6.827358078674444997e+00	-2.740355104590993740e+00	1.062329378766450949e+00
-8.252649481982865964e+00	-2.777606435082006442e+00	1.151064185671434315e+00
-9.033523701041115572e+00	-2.452845257530289480e+00	1.552353873834823039e+00
-9.000840197667402620e+00	-2.470897724184256461e+00	2.792551516832497693e+00
-7.877531933152739363e+00	-2.808709333374048711e+00	2.873174579202253831e+00
-9.164726613820022294e+00	-7.536879081204099329e+00	1.889617165606061633e+00
-8.657552472715273950e+00	-8.172562438198612611e+00	3.034909203434537073e+00
-8.927814553442997791e+00	-8.078891918220989510e+00	3.192580883510881762e+00
-1.016444560743313730e+01	-8.100450065419908086e+00	3.410230613090744711e+00
-8.560971745541905875e+00	-8.799308213538573398e+00	5.483562838015362928e+00
-8.469973160544313373e+00	-2.764649295308619248e+00	5.580779183220515804e+00
-8.210040517985454755e+00	-2.826652949245541890e+00	6.033454300358723543e+00
-8.892554475096147826e+00	-2.826652949245541890e+00	6.352559998678477982e+00
-1.015329965734278517e+01	-2.826652949245541890e+00	6.378736082469016466e+00
-1.145513951976273859e+01	-2.826615002901535334e+00	6.433370267950683896e+00
-1.242153834764232201e+01	-2.826652949245541890e+00	6.563008405000433143e+00
-1.365969071109071997e+01	-2.801351214171200255e+00	6.671589098158590581e+00
-1.383647493044042065e+01	-2.781797100422962465e+00	6.675933422381403304e+00
-1.446381766825791892e+01	-2.558546765006848300e+00	6.675933422381403304e+00
-1.488319981330542596e+01	-2.231753211725945985e+00	6.680095227230406607e+00
-1.502994095346130266e+01	-2.062250283715725274e+00	6.670152999405061678e+00
-1.595278584099247254e+01	-8.408528923762654372e+00	6.829940458983934093e+00
-1.896064432655997578e+01	-6.619733168639449161e+00	6.530649423333316328e+00
-2.049613369134908680e+01	-4.579460661365017948e+00	6.801023319574387216e+00
-2.113882026270173498e+01	1.975278352096182521e+00	6.809700878729990414e+00
-1.986422610436317626e+01	4.709282582478509838e+00	6.810017991778431146e+00
-1.822996239073011893e+01	6.363111620815594449e+00	7.321831149904681091e+00
-1.538159122085047947e+01	-7.392421717771835432e-01	6.705296621273822311e+00
-1.538159122085048125e+01	1.957273692548501254e-01	6.791141773335949594e+00
-1.527284582480562136e+01	7.437055088739426001e-01	6.791141773335949594e+00
-1.487588349033991975e+01	1.388204078912001149e+00	6.770223442959516724e+00
-1.475740994587470745e+01	1.497842279903809581e+00	6.774336269624573248e+00
-1.348834756783764277e+01	1.962532421273075034e+00	6.746847852406883561e+00
-1.221521829435593531e+01	1.974650205761316890e+00	6.674072991585800807e+00
-1.090039587689042477e+01	1.974650205761316890e+00	6.524604723307415810e+00
-9.616648566722385993e+00	1.974650205761316890e+00	6.340954068123107135e+00
-8.426423562573599924e+00	1.974650205761316890e+00	6.127619685070589739e+00
-8.419137242395366982e+00	1.953424894413430701e+00	5.861498736690133882e+00
-1.174383503693081110e+01	6.770312098037661208e+00	4.435758995821421635e+00
-1.006038252263156352e+01	7.507756924531182818e+00	4.914453873613897628e+00
-8.654107591879625971e+00	6.645820505998138117e+00	1.797386003878041816e+00
-2.590154540135019889e+00	6.416542990062772844e+00	2.415703393715139313e+00
-2.468300180861918047e+00	6.327260099587782349e+00	1.844630683403063021e+00
-1.207372886823359970e+00	5.208988423032685056e+00	2.788600413993998828e+00
-1.127792404489007971e+00	5.104940370112630355e+00	2.521788584564890634e+00
-1.051808263556766931e+00	5.002675537189367638e+00	2.181468313923367930e+00
-9.855439674639914216e-01	4.896983243599740021e+00	1.939981585054610491e+00
1.859543734025637107e-01	2.794387533188996464e+00	3.613205778180848426e+00
1.720451305735686276e-01	2.875842716031933755e+00	3.037059230311891955e+00
2.909914352635052381e-01	2.574232680122311656e+00	2.510682047372605474e+00
3.375178236794553754e-01	2.464723611980903062e+00	1.985300301141199153e+00
6.814375398545813312e-01	1.001231415260861901e+00	1.584217542289250824e+00
6.654509953848437576e-01	1.050182936510276610e+00	1.342738373102455585e+00
-5.257217924811495635e+00	2.946013971865161785e-01	1.533705957096635375e+00
-5.279683352471599811e+00	3.731780401556049620e-01	1.533705957096635375e+00
-5.268150477110640217e+00	3.159295947759485079e-01	1.996343190501573828e+00
-5.256917763280588574e+00	2.766412732914041439e-01	1.996343190501573828e+00
-5.267854853860009179e+00	2.982410182565171097e-01	2.459479179490139611e+00
-5.256622140029957535e+00	2.589526967719727457e-01	2.459479179490139611e+00
-5.256484644860824673e+00	2.507256922483113715e-01	2.686228709093418487e+00
-5.267566399505661856e+00	2.809813916596921590e-01	2.932111510087111572e+00
-5.256576920342109105e+00	2.562469829724139392e-01	3.116617853143875738e+00
-5.378136546954786823e+00	7.009612951634011102e-01	2.237087552057444029e+00
-5.414877478015097445e+00	7.874654597568230274e-01	1.811275513031226136e+00
-5.452240050744363131e+00	8.743148365389208365e-01	1.405341429883231852e+00
-5.675657991500922428e+00	1.204309984446875870e+00	2.459479179490139611e+00
-6.012509890490200348e+00	1.547539106131408104e+00	2.648220610872300984e+00
-6.012509890490200348e+00	1.547539106131408104e+00	2.648220610872300984e+00
-6.026094184066565163e+00	1.555082782740133229e+00	2.237087552057444029e+00
-6.028435252522939436e+00	1.562934297198124378e+00	1.996343190501573828e+00
-6.040369687466771609e+00	1.563010304364466307e+00	1.811275513031226136e+00
-5.999361944239562483e+00	1.552483109740585121e+00	1.533705957096635375e+00
-6.055266832535933119e+00	1.571283038177475389e+00	1.405341429883231852e+00
-6.669718934375588049e+00	1.871774492179022698e+00	1.296170416913938528e+00
-7.902267597328013871e+00	1.956155853024016400e+00	1.330547429599279630e+00
-9.038448163669142943e+00	1.598130965131788983e+00	1.401786813756323191e+00
-9.061777187248639009e+00	1.585247064496464464e+00	2.606180276260051887e+00
-8.351819815973982486e+00	1.907410609631425169e+00	3.231788675983334969e+00
-7.146427276457575140e+00	1.953599583587041888e+00	3.157169597486637169e+00
-6.207077105125081928e+00	1.655586840642961244e+00	3.133289258569068814e+00
-5.999853623789739743e+00	1.540510784597768357e+00	3.078458362782986235e+00
-5.970480153975457505e+00	1.512099473245116954e+00	3.078458362782986235e+00
-5.616865832184507745e+00	1.144781647942014313e+00	3.116617853143875738e+00
-5.616622597518008853e+00	1.130227735144748058e+00	2.932111510087111572e+00
1.174442455730018153e-01	3.059343156463346425e+00	2.745479960141440134e+00
-1.294821321922644763e+00	5.312702120968040731e+00	3.151059430969728847e+00
-2.608185510860921763e+00	6.465520860419897708e+00	3.342242897848298533e+00
-4.779045380852156910e+00	7.351070628844260213e+00	3.875890524923611302e+00
-5.792593227706116288e+00	6.932427918199137729e+00	2.663524448908889841e+00
-5.991867078064118779e+00	6.817299149975847072e+00	2.365846916804238198e+00
-8.803832885334180958e+00	6.549529940134279471e+00	1.627934442028651230e+00
-1.018632790301351143e+01	2.113528947540908476e+00	1.001193042516584697e+00
-1.005717957722687217e+01	1.328747111478058462e+00	1.000696115750398185e+00
-1.409775647501952278e+01	5.005255321999271700e+00	3.533209184674208636e+00
-1.579125455634019382e+01	1.215756753971676263e+00	3.533591851103805137e+00
-9.888100492430567101e+00	1.501924440763444946e-01	4.120559365731692125e+00
-9.888889313357395849e+00	1.112764827694833203e-01	3.385532488639221071e+00
-9.888578930609305928e+00	1.265890113855553667e-01	3.289988908428214121e+00
-9.729554950461066554e+00	7.898106407963743081e-01	3.274059476544468161e+00
-9.102523602117658541e+00	1.562744075520983378e+00	3.274059476544468161e+00
-9.073181013111536686e+00	1.578949082980887653e+00	3.804069740713428516e+00
-7.843143165186713617e+00	1.957451695536868153e+00	4.957526396925042711e+00
-6.630509581664714602e+00	1.850585565880606742e+00	4.843635976904990592e+00
-6.179605244101162853e+00	1.640331072336769669e+00	5.020169876490085059e+00
-6.456358294244093798e+00	1.974650205761316890e+00	6.228924295875247097e+00
-6.189201750436657434e+00	1.974650205761316890e+00	6.465840099052388545e+00
-4.940997362984459684e+00	1.974650205761316890e+00	6.394598768663917632e+00
-3.650974301425038426e+00	1.974650205761316890e+00	6.321754022585481358e+00
-2.343497391166206256e+00	1.974650205761316890e+00	6.270527648276196686e+00
-1.053504158884752240e+00	1.974650205761316890e+00	6.273358826631399765e+00
7.743264094391688612e-02	1.974650205761316890e+00	6.276121884058637690e+00
1.235019470786977935e+00	1.974650205761316890e+00	6.286932206914422672e+00
2.396435215476175884e+00	1.974650205761316890e+00	6.321829046249694883e+00
3.703825601450241756e+00	1.974650205761316890e+00	6.422809730551477969e+00
4.851965393146144834e+00	1.974650205761316890e+00	6.515004567769764776e+00
5.991199796636690778e+00	1.974650205761316890e+00	6.515923860452611294e+00
7.034767171172493505e+00	1.974650205761316890e+00	6.116563987489310072e+00
6.709419113301534843e+00	1.927898255964212382e+00	5.010957205424658945e+00
6.928385251789529242e+00	1.953694136534156467e+00	4.753288617107956249e+00
5.886719328916258931e+00	1.601013691379491011e+00	4.710415638181854270e+00
6.107423448825708867e+00	1.723575861981212487e+00	4.337415344384968563e+00
6.218231918155825433e+00	1.778564425537671578e+00	3.631109651316493991e+00
5.968233741629173750e+00	1.646280555276359969e+00	3.038447334300989233e+00
5.890659117805689071e+00	1.603201548489721739e+00	1.767179169458914512e+00
7.019653024360496651e+00	1.955828587943707619e+00	1.705072437915549965e+00
8.220353650760708675e+00	1.880654089282907782e+00	1.609403702630814337e+00
8.896009649782849138e+00	1.542091917481399399e+00	1.559281156045961181e+00
9.786704238994058613e+00	2.006131025881252583e+00	1.000332804334323811e+00
9.482273042050568534e+00	8.366663623337284861e-01	1.559281156045961181e+00
9.667038156375999947e+00	9.973762274746945933e-02	1.589484241558073663e+00
9.652535661252393595e+00	2.944355840585833883e-01	2.478709566682091747e+00
9.662499108322545993e+00	3.236685713452335800e-01	2.845148747198451566e+00
9.466597726486019937e+00	8.782636281482970597e-01	2.749216693081913743e+00
9.301136063779248175e+00	1.141691259180490636e+00	2.478709566682091747e+00
9.211497152944591704e+00	1.295029996392229599e+00	2.845148747198451566e+00
8.862267888464872456e+00	1.572779174067180374e+00	2.749216693081913743e+00
8.862267888464872456e+00	1.572779174067180374e+00	2.749216693081913743e+00
8.567093145861450765e+00	1.735795086019122468e+00	3.475941413145582359e+00
7.388143705684272255e+00	1.962556529280474971e+00	3.556616673028041298e+00
8.162565953567984423e+00	1.902115475377441189e+00	4.646597593412565175e+00
8.850547212989798851e+00	1.567199420000114474e+00	4.612056166106569322e+00
8.567322189165665236e+00	1.974650205761316890e+00	6.506400732774000772e+00
9.790312126438006857e+00	1.974650205761316890e+00	6.512038412205397364e+00
1.103031520051396441e+01	1.974650205761316890e+00	6.517462739021524953e+00
1.195162999526585068e+01	1.974650205761316890e+00	6.521637843632731801e+00
9.819764579606504284e+00	7.442189018837621184e+00	3.859464527010367796e+00
1.230176383912275284e+01	6.441643434785905953e+00	1.939682155841531142e+00
1.322709253740327640e+01	4.568646564775248997e+00	1.000023543088876865e+00
1.392485548222233227e+01	4.908266066593055754e+00	3.293366815348080845e+00
1.508930841801551992e+01	2.854948630529896114e+00	3.133722515671472753e+00
1.556393136381236886e+01	1.058507028610793821e+00	2.115521268264131560e+00
1.558346790746345789e+01	1.075938280062621377e+00	2.696570087569574614e+00
