0.000000000000000000e+00	0.000000000000000000e+00	1.800000000000000000e+02
0.000000000000000000e+00	0.000000000000000000e+00	1.800000000000000000e+02
0.000000000000000000e+00	0.000000000000000000e+00	1.800000000000000000e+02
0.000000000000000000e+00	0.000000000000000000e+00	1.800000000000000000e+02
0.000000000000000000e+00	0.000000000000000000e+00	1.800000000000000000e+02
0.000000000000000000e+00	0.000000000000000000e+00	1.800000000000000000e+02
0.000000000000000000e+00	0.000000000000000000e+00	1.800000000000000000e+02
0.000000000000000000e+00	0.000000000000000000e+00	1.800000000000000000e+02
0.000000000000000000e+00	0.000000000000000000e+00	1.800000000000000000e+02
0.000000000000000000e+00	0.000000000000000000e+00	1.800000000000000000e+02
0.000000000000000000e+00	0.000000000000000000e+00	1.800000000000000000e+02
0.000000000000000000e+00	0.000000000000000000e+00	1.800000000000000000e+02
0.000000000000000000e+00	0.000000000000000000e+00	1.800000000000000000e+02
-0.000000000000000000e+00	0.000000000000000000e+00	-4.911592665874496788e+01
-0.000000000000000000e+00	0.000000000000000000e+00	-4.911592665874496788e+01
-0.000000000000000000e+00	0.000000000000000000e+00	-4.398705354995513517e+00
-0.000000000000000000e+00	0.000000000000000000e+00	-4.398705354995513517e+00
-0.000000000000000000e+00	0.000000000000000000e+00	-4.398705354995513517e+00
-0.000000000000000000e+00	0.000000000000000000e+00	-4.398705354995513517e+00
-0.000000000000000000e+00	0.000000000000000000e+00	-4.398705354995513517e+00
-0.000000000000000000e+00	0.000000000000000000e+00	-4.398705354995513517e+00
-0.000000000000000000e+00	0.000000000000000000e+00	-2.891270188461624002e+01
-0.000000000000000000e+00	0.000000000000000000e+00	-2.891270188461624002e+01
-0.000000000000000000e+00	0.000000000000000000e+00	-2.891270188461624002e+01
0.000000000000000000e+00	0.000000000000000000e+00	1.800000000000000000e+02
-0.000000000000000000e+00	0.000000000000000000e+00	-2.891270188461624002e+01
-0.000000000000000000e+00	0.000000000000000000e+00	-2.891270188461624002e+01
-0.000000000000000000e+00	0.000000000000000000e+00	-2.891270188461624002e+01
-0.000000000000000000e+00	0.000000000000000000e+00	-2.891270188461624002e+01
-0.000000000000000000e+00	0.000000000000000000e+00	-2.891270188461624002e+01
-0.000000000000000000e+00	0.000000000000000000e+00	-2.891270188461624002e+01
-0.000000000000000000e+00	0.000000000000000000e+00	-2.891270188461624002e+01
-0.000000000000000000e+00	0.000000000000000000e+00	-2.891270188461624002e+01
-0.000000000000000000e+00	0.000000000000000000e+00	-2.891270188461624002e+01
-0.000000000000000000e+00	0.000000000000000000e+00	-2.891270188461624002e+01
-0.000000000000000000e+00	0.000000000000000000e+00	-2.891270188461624002e+01
-0.000000000000000000e+00	0.000000000000000000e+00	-2.891270188461624002e+01
-0.000000000000000000e+00	0.000000000000000000e+00	-2.891270188461624002e+01
-0.000000000000000000e+00	0.000000000000000000e+00	-2.891270188461624002e+01
-0.000000000000000000e+00	0.000000000000000000e+00	-8.883682283274106339e+01
0.000000000000000000e+00	0.000000000000000000e+00	1.800000000000000000e+02
-0.000000000000000000e+00	0.000000000000000000e+00	-8.883682283274106339e+01
-0.000000000000000000e+00	0.000000000000000000e+00	-8.883682283274106339e+01
-0.000000000000000000e+00	0.000000000000000000e+00	-8.883682283274106339e+01
-0.000000000000000000e+00	0.000000000000000000e+00	-8.883682283274106339e+01
-0.000000000000000000e+00	0.000000000000000000e+00	-8.883682283274106339e+01
-0.000000000000000000e+00	0.000000000000000000e+00	-8.883682283274106339e+01
-0.000000000000000000e+00	0.000000000000000000e+00	-8.883682283274106339e+01
-0.000000000000000000e+00	0.000000000000000000e+00	-8.883682283274106339e+01
-0.000000000000000000e+00	0.000000000000000000e+00	-8.883682283274106339e+01
-0.000000000000000000e+00	0.000000000000000000e+00	-8.883682283274106339e+01
-0.000000000000000000e+00	0.000000000000000000e+00	-2.891270188461624002e+01
-0.000000000000000000e+00	0.000000000000000000e+00	-2.891270188461624002e+01
-0.000000000000000000e+00	0.000000000000000000e+00	-2.891270188461624002e+01
0.000000000000000000e+00	0.000000000000000000e+00	1.800000000000000000e+02
0.000000000000000000e+00	0.000000000000000000e+00	1.800000000000000000e+02
0.000000000000000000e+00	0.000000000000000000e+00	1.800000000000000000e+02
0.000000000000000000e+00	0.000000000000000000e+00	1.800000000000000000e+02
0.000000000000000000e+00	0.000000000000000000e+00	1.800000000000000000e+02
0.000000000000000000e+00	0.000000000000000000e+00	1.800000000000000000e+02
0.000000000000000000e+00	0.000000000000000000e+00	1.800000000000000000e+02
0.000000000000000000e+00	0.000000000000000000e+00	1.800000000000000000e+02
0.000000000000000000e+00	0.000000000000000000e+00	1.800000000000000000e+02
0.000000000000000000e+00	0.000000000000000000e+00	1.800000000000000000e+02
0.000000000000000000e+00	0.000000000000000000e+00	1.800000000000000000e+02
0.000000000000000000e+00	0.000000000000000000e+00	1.800000000000000000e+02
0.000000000000000000e+00	0.000000000000000000e+00	1.800000000000000000e+02
0.000000000000000000e+00	0.000000000000000000e+00	1.800000000000000000e+02
0.000000000000000000e+00	0.000000000000000000e+00	1.800000000000000000e+02
0.000000000000000000e+00	0.000000000000000000e+00	1.800000000000000000e+02
0.000000000000000000e+00	0.000000000000000000e+00	1.800000000000000000e+02
0.000000000000000000e+00	0.000000000000000000e+00	1.800000000000000000e+02
0.000000000000000000e+00	0.000000000000000000e+00	1.800000000000000000e+02
-0.000000000000000000e+00	0.000000000000000000e+00	-2.891270188461624002e+01
-0.000000000000000000e+00	0.000000000000000000e+00	-2.891270188461624002e+01
-0.000000000000000000e+00	0.000000000000000000e+00	-8.883682283274106339e+01
-0.000000000000000000e+00	0.000000000000000000e+00	-8.883682283274106339e+01
-0.000000000000000000e+00	0.000000000000000000e+00	-8.883682283274106339e+01
-0.000000000000000000e+00	0.000000000000000000e+00	-8.883682283274106339e+01
-0.000000000000000000e+00	0.000000000000000000e+00	-8.883682283274106339e+01
-0.000000000000000000e+00	0.000000000000000000e+00	-2.891270188461624002e+01
-0.000000000000000000e+00	0.000000000000000000e+00	-2.891270188461624002e+01
-0.000000000000000000e+00	0.000000000000000000e+00	-2.891270188461624002e+01
-0.000000000000000000e+00	0.000000000000000000e+00	-2.891270188461624002e+01
-0.000000000000000000e+00	0.000000000000000000e+00	-2.891270188461624002e+01
-0.000000000000000000e+00	0.000000000000000000e+00	-2.891270188461624002e+01
-0.000000000000000000e+00	0.000000000000000000e+00	-2.891270188461624002e+01
-0.000000000000000000e+00	0.000000000000000000e+00	-1.254827913116855598e+00
-0.000000000000000000e+00	0.000000000000000000e+00	-1.254827913116855598e+00
-0.000000000000000000e+00	0.000000000000000000e+00	1.340878729353527143e+00
-0.000000000000000000e+00	0.000000000000000000e+00	1.340878729353527143e+00
-0.000000000000000000e+00	0.000000000000000000e+00	2.904625624436077302e+01
0.000000000000000000e+00	0.000000000000000000e+00	2.904625624436077302e+01
-0.000000000000000000e+00	0.000000000000000000e+00	8.904315375140306799e+01
-0.000000000000000000e+00	0.000000000000000000e+00	8.904315375140306799e+01
0.000000000000000000e+00	0.000000000000000000e+00	2.904625624436077302e+01
0.000000000000000000e+00	0.000000000000000000e+00	2.904625624436077302e+01
-0.000000000000000000e+00	0.000000000000000000e+00	1.340878729353527143e+00
0.000000000000000000e+00	0.000000000000000000e+00	1.800000000000000000e+02
0.000000000000000000e+00	0.000000000000000000e+00	1.800000000000000000e+02
0.000000000000000000e+00	0.000000000000000000e+00	1.800000000000000000e+02
0.000000000000000000e+00	0.000000000000000000e+00	1.800000000000000000e+02
0.000000000000000000e+00	0.000000000000000000e+00	1.800000000000000000e+02
0.000000000000000000e+00	0.000000000000000000e+00	1.800000000000000000e+02
0.000000000000000000e+00	0.000000000000000000e+00	1.800000000000000000e+02
0.000000000000000000e+00	0.000000000000000000e+00	1.800000000000000000e+02
0.000000000000000000e+00	0.000000000000000000e+00	1.800000000000000000e+02
0.000000000000000000e+00	0.000000000000000000e+00	1.800000000000000000e+02
0.000000000000000000e+00	0.000000000000000000e+00	1.800000000000000000e+02
0.000000000000000000e+00	0.000000000000000000e+00	1.800000000000000000e+02
-0.000000000000000000e+00	0.000000000000000000e+00	-2.891270188461624002e+01
0.000000000000000000e+00	0.000000000000000000e+00	1.800000000000000000e+02
-0.000000000000000000e+00	0.000000000000000000e+00	-1.254827913116855598e+00
-0.000000000000000000e+00	0.000000000000000000e+00	-2.891270188461624002e+01
-0.000000000000000000e+00	0.000000000000000000e+00	-8.883682283274106339e+01
-0.000000000000000000e+00	0.000000000000000000e+00	-2.891270188461624002e+01
-0.000000000000000000e+00	0.000000000000000000e+00	-2.891270188461624002e+01
-0.000000000000000000e+00	0.000000000000000000e+00	-2.891270188461624002e+01
-0.000000000000000000e+00	0.000000000000000000e+00	-2.891270188461624002e+01
-0.000000000000000000e+00	0.000000000000000000e+00	-1.254827913116855598e+00
-0.000000000000000000e+00	0.000000000000000000e+00	1.340878729353527143e+00
-0.000000000000000000e+00	0.000000000000000000e+00	2.904625624436077302e+01
-0.000000000000000000e+00	0.000000000000000000e+00	2.904625624436077302e+01
-0.000000000000000000e+00	0.000000000000000000e+00	2.904625624436077302e+01
-0.000000000000000000e+00	0.000000000000000000e+00	2.904625624436077302e+01
-0.000000000000000000e+00	0.000000000000000000e+00	2.904625624436077302e+01
-0.000000000000000000e+00	0.000000000000000000e+00	2.904625624436077302e+01
-0.000000000000000000e+00	0.000000000000000000e+00	2.904625624436077302e+01
-0.000000000000000000e+00	0.000000000000000000e+00	2.904625624436077302e+01
-0.000000000000000000e+00	0.000000000000000000e+00	2.904625624436077302e+01
-0.000000000000000000e+00	0.000000000000000000e+00	2.904625624436077302e+01
-0.000000000000000000e+00	0.000000000000000000e+00	2.904625624436077302e+01
-0.000000000000000000e+00	0.000000000000000000e+00	2.904625624436077302e+01
-0.000000000000000000e+00	0.000000000000000000e+00	2.904625624436077302e+01
-0.000000000000000000e+00	0.000000000000000000e+00	2.904625624436077302e+01
-0.000000000000000000e+00	0.000000000000000000e+00	-2.904625624436079079e+01
-0.000000000000000000e+00	0.000000000000000000e+00	-2.904625624436079079e+01
-0.000000000000000000e+00	0.000000000000000000e+00	-2.904625624436079079e+01
-0.000000000000000000e+00	0.000000000000000000e+00	-2.904625624436079079e+01
-0.000000000000000000e+00	0.000000000000000000e+00	-2.904625624436079079e+01
-0.000000000000000000e+00	0.000000000000000000e+00	-2.904625624436079079e+01
-0.000000000000000000e+00	0.000000000000000000e+00	-2.904625624436079079e+01
-0.000000000000000000e+00	0.000000000000000000e+00	-2.904625624436079079e+01
-0.000000000000000000e+00	0.000000000000000000e+00	-2.904625624436079079e+01
-0.000000000000000000e+00	0.000000000000000000e+00	-2.904625624436079079e+01
-0.000000000000000000e+00	0.000000000000000000e+00	-2.904625624436079079e+01
-0.000000000000000000e+00	0.000000000000000000e+00	-2.904625624436079079e+01
-0.000000000000000000e+00	0.000000000000000000e+00	-8.904315375140305377e+01
-0.000000000000000000e+00	0.000000000000000000e+00	-8.904315375140305377e+01
-0.000000000000000000e+00	0.000000000000000000e+00	-8.904315375140305377e+01
-0.000000000000000000e+00	0.000000000000000000e+00	-8.904315375140305377e+01
-0.000000000000000000e+00	0.000000000000000000e+00	-8.904315375140305377e+01
-0.000000000000000000e+00	0.000000000000000000e+00	-8.904315375140305377e+01
-0.000000000000000000e+00	0.000000000000000000e+00	-8.904315375140305377e+01
-0.000000000000000000e+00	0.000000000000000000e+00	-8.904315375140305377e+01
-0.000000000000000000e+00	0.000000000000000000e+00	-8.904315375140305377e+01
-0.000000000000000000e+00	0.000000000000000000e+00	-8.904315375140305377e+01
0.000000000000000000e+00	0.000000000000000000e+00	1.800000000000000000e+02
0.000000000000000000e+00	0.000000000000000000e+00	1.800000000000000000e+02
0.000000000000000000e+00	0.000000000000000000e+00	1.800000000000000000e+02
0.000000000000000000e+00	0.000000000000000000e+00	1.800000000000000000e+02
0.000000000000000000e+00	0.000000000000000000e+00	1.800000000000000000e+02
0.000000000000000000e+00	0.000000000000000000e+00	1.800000000000000000e+02
0.000000000000000000e+00	0.000000000000000000e+00	1.800000000000000000e+02
0.000000000000000000e+00	0.000000000000000000e+00	1.800000000000000000e+02
0.000000000000000000e+00	0.000000000000000000e+00	1.800000000000000000e+02
0.000000000000000000e+00	0.000000000000000000e+00	1.800000000000000000e+02
0.000000000000000000e+00	0.000000000000000000e+00	1.800000000000000000e+02
0.000000000000000000e+00	0.000000000000000000e+00	1.800000000000000000e+02
0.000000000000000000e+00	0.000000000000000000e+00	1.800000000000000000e+02
0.000000000000000000e+00	0.000000000000000000e+00	1.800000000000000000e+02
0.000000000000000000e+00	0.000000000000000000e+00	1.800000000000000000e+02
0.000000000000000000e+00	0.000000000000000000e+00	1.800000000000000000e+02
0.000000000000000000e+00	0.000000000000000000e+00	1.800000000000000000e+02
0.000000000000000000e+00	0.000000000000000000e+00	1.800000000000000000e+02
0.000000000000000000e+00	0.000000000000000000e+00	1.800000000000000000e+02
0.000000000000000000e+00	0.000000000000000000e+00	1.800000000000000000e+02
0.000000000000000000e+00	0.000000000000000000e+00	2.891270188461621160e+01
-0.000000000000000000e+00	0.000000000000000000e+00	2.891270188461621160e+01
-0.000000000000000000e+00	0.000000000000000000e+00	1.254827913116844940e+00
-0.000000000000000000e+00	0.000000000000000000e+00	-2.904625624436079079e+01
-0.000000000000000000e+00	0.000000000000000000e+00	-2.904625624436079079e+01
-0.000000000000000000e+00	0.000000000000000000e+00	-2.904625624436079079e+01
-0.000000000000000000e+00	0.000000000000000000e+00	-2.904625624436079079e+01
-0.000000000000000000e+00	0.000000000000000000e+00	-8.904315375140305377e+01
-0.000000000000000000e+00	0.000000000000000000e+00	-8.904315375140305377e+01
-0.000000000000000000e+00	0.000000000000000000e+00	-8.904315375140305377e+01
-0.000000000000000000e+00	0.000000000000000000e+00	-8.904315375140305377e+01
-0.000000000000000000e+00	0.000000000000000000e+00	-8.904315375140305377e+01
-0.000000000000000000e+00	0.000000000000000000e+00	-2.904625624436079079e+01
-0.000000000000000000e+00	0.000000000000000000e+00	-2.904625624436079079e+01
-0.000000000000000000e+00	0.000000000000000000e+00	-2.904625624436079079e+01
-0.000000000000000000e+00	0.000000000000000000e+00	-1.340878729353505605e+00
-0.000000000000000000e+00	0.000000000000000000e+00	1.254827913116844940e+00
0.000000000000000000e+00	0.000000000000000000e+00	2.891270188461621160e+01
-0.000000000000000000e+00	0.000000000000000000e+00	2.891270188461621160e+01
-0.000000000000000000e+00	0.000000000000000000e+00	1.254827913116844940e+00
0.000000000000000000e+00	0.000000000000000000e+00	1.800000000000000000e+02
0.000000000000000000e+00	0.000000000000000000e+00	1.800000000000000000e+02
0.000000000000000000e+00	0.000000000000000000e+00	1.800000000000000000e+02
0.000000000000000000e+00	0.000000000000000000e+00	1.800000000000000000e+02
0.000000000000000000e+00	0.000000000000000000e+00	1.800000000000000000e+02
0.000000000000000000e+00	0.000000000000000000e+00	1.800000000000000000e+02
0.000000000000000000e+00	0.000000000000000000e+00	1.800000000000000000e+02
0.000000000000000000e+00	0.000000000000000000e+00	1.800000000000000000e+02
0.000000000000000000e+00	0.000000000000000000e+00	1.800000000000000000e+02
0.000000000000000000e+00	0.000000000000000000e+00	1.800000000000000000e+02
0.000000000000000000e+00	0.000000000000000000e+00	1.800000000000000000e+02
-0.000000000000000000e+00	0.000000000000000000e+00	4.398705354995533057e+00
-0.000000000000000000e+00	0.000000000000000000e+00	4.398705354995533057e+00
-0.000000000000000000e+00	0.000000000000000000e+00	4.911592665874495367e+01
-0.000000000000000000e+00	0.000000000000000000e+00	4.911592665874495367e+01
0.000000000000000000e+00	0.000000000000000000e+00	4.911592665874495367e+01
0.000000000000000000e+00	0.000000000000000000e+00	1.800000000000000000e+02
0.000000000000000000e+00	0.000000000000000000e+00	1.800000000000000000e+02
0.000000000000000000e+00	0.000000000000000000e+00	1.800000000000000000e+02
0.000000000000000000e+00	0.000000000000000000e+00	1.800000000000000000e+02
0.000000000000000000e+00	0.000000000000000000e+00	1.800000000000000000e+02
0.000000000000000000e+00	0.000000000000000000e+00	1.800000000000000000e+02
-0.000000000000000000e+00	0.000000000000000000e+00	9.000000000000000000e+01
-0.000000000000000000e+00	0.000000000000000000e+00	9.000000000000000000e+01
-0.000000000000000000e+00	0.000000000000000000e+00	1.308840733412550321e+02
-0.000000000000000000e+00	0.000000000000000000e+00	1.308840733412550321e+02
-0.000000000000000000e+00	0.000000000000000000e+00	1.308840733412550321e+02
-0.000000000000000000e+00	0.000000000000000000e+00	1.756012946450044865e+02
-0.000000000000000000e+00	0.000000000000000000e+00	1.800000000000000000e+02
-0.000000000000000000e+00	0.000000000000000000e+00	1.800000000000000000e+02
-0.000000000000000000e+00	0.000000000000000000e+00	1.800000000000000000e+02
-0.000000000000000000e+00	0.000000000000000000e+00	1.800000000000000000e+02
0.000000000000000000e+00	0.000000000000000000e+00	1.800000000000000000e+02
0.000000000000000000e+00	0.000000000000000000e+00	1.800000000000000000e+02
0.000000000000000000e+00	0.000000000000000000e+00	1.800000000000000000e+02
0.000000000000000000e+00	0.000000000000000000e+00	1.800000000000000000e+02
0.000000000000000000e+00	0.000000000000000000e+00	1.800000000000000000e+02
0.000000000000000000e+00	0.000000000000000000e+00	1.800000000000000000e+02
0.000000000000000000e+00	0.000000000000000000e+00	1.800000000000000000e+02
0.000000000000000000e+00	0.000000000000000000e+00	1.800000000000000000e+02
0.000000000000000000e+00	0.000000000000000000e+00	1.800000000000000000e+02
0.000000000000000000e+00	0.000000000000000000e+00	1.800000000000000000e+02
0.000000000000000000e+00	0.000000000000000000e+00	1.800000000000000000e+02
0.000000000000000000e+00	0.000000000000000000e+00	1.800000000000000000e+02
0.000000000000000000e+00	0.000000000000000000e+00	1.800000000000000000e+02
0.000000000000000000e+00	0.000000000000000000e+00	1.800000000000000000e+02
0.000000000000000000e+00	0.000000000000000000e+00	1.800000000000000000e+02
0.000000000000000000e+00	0.000000000000000000e+00	1.800000000000000000e+02
0.000000000000000000e+00	0.000000000000000000e+00	-9.095684624859694623e+01
0.000000000000000000e+00	0.000000000000000000e+00	-9.095684624859694623e+01
0.000000000000000000e+00	0.000000000000000000e+00	-9.095684624859694623e+01
0.000000000000000000e+00	0.000000000000000000e+00	-9.095684624859694623e+01
0.000000000000000000e+00	0.000000000000000000e+00	-9.095684624859694623e+01
0.000000000000000000e+00	0.000000000000000000e+00	-9.095684624859694623e+01
0.000000000000000000e+00	0.000000000000000000e+00	-9.095684624859694623e+01
0.000000000000000000e+00	0.000000000000000000e+00	-9.095684624859694623e+01
0.000000000000000000e+00	0.000000000000000000e+00	-9.095684624859694623e+01
0.000000000000000000e+00	0.000000000000000000e+00	-9.095684624859694623e+01
0.000000000000000000e+00	0.000000000000000000e+00	-9.095684624859694623e+01
0.000000000000000000e+00	0.000000000000000000e+00	-9.095684624859694623e+01
-0.000000000000000000e+00	0.000000000000000000e+00	-1.509537437556392376e+02
-0.000000000000000000e+00	0.000000000000000000e+00	-1.509537437556392376e+02
-0.000000000000000000e+00	0.000000000000000000e+00	-1.509537437556392376e+02
-0.000000000000000000e+00	0.000000000000000000e+00	-1.509537437556392376e+02
-0.000000000000000000e+00	0.000000000000000000e+00	-1.509537437556392376e+02
-0.000000000000000000e+00	0.000000000000000000e+00	-1.509537437556392376e+02
-0.000000000000000000e+00	0.000000000000000000e+00	-1.509537437556392376e+02
-0.000000000000000000e+00	0.000000000000000000e+00	-1.509537437556392376e+02
0.000000000000000000e+00	0.000000000000000000e+00	-1.509537437556392376e+02
-0.000000000000000000e+00	0.000000000000000000e+00	1.787451720868831444e+02
-0.000000000000000000e+00	0.000000000000000000e+00	1.510923135418527181e+02
-0.000000000000000000e+00	0.000000000000000000e+00	1.510923135418527181e+02
-0.000000000000000000e+00	0.000000000000000000e+00	1.787451720868831444e+02
-0.000000000000000000e+00	0.000000000000000000e+00	-1.786591212706464660e+02
-0.000000000000000000e+00	0.000000000000000000e+00	-1.509537437556392376e+02
-0.000000000000000000e+00	0.000000000000000000e+00	-1.509537437556392376e+02
-0.000000000000000000e+00	0.000000000000000000e+00	-1.509537437556392376e+02
-0.000000000000000000e+00	0.000000000000000000e+00	-1.509537437556392376e+02
-0.000000000000000000e+00	0.000000000000000000e+00	-1.509537437556392376e+02
0.000000000000000000e+00	0.000000000000000000e+00	1.800000000000000000e+02
0.000000000000000000e+00	0.000000000000000000e+00	1.800000000000000000e+02
0.000000000000000000e+00	0.000000000000000000e+00	1.800000000000000000e+02
0.000000000000000000e+00	0.000000000000000000e+00	1.800000000000000000e+02
0.000000000000000000e+00	0.000000000000000000e+00	1.800000000000000000e+02
0.000000000000000000e+00	0.000000000000000000e+00	1.800000000000000000e+02
0.000000000000000000e+00	0.000000000000000000e+00	1.800000000000000000e+02
-0.000000000000000000e+00	0.000000000000000000e+00	1.510923135418527181e+02
-0.000000000000000000e+00	0.000000000000000000e+00	1.510923135418527181e+02
0.000000000000000000e+00	0.000000000000000000e+00	1.800000000000000000e+02
0.000000000000000000e+00	0.000000000000000000e+00	1.800000000000000000e+02
-0.000000000000000000e+00	0.000000000000000000e+00	9.116317716725893661e+01
-0.000000000000000000e+00	0.000000000000000000e+00	9.116317716725893661e+01
-0.000000000000000000e+00	0.000000000000000000e+00	9.116317716725893661e+01
-0.000000000000000000e+00	0.000000000000000000e+00	9.116317716725893661e+01
-0.000000000000000000e+00	0.000000000000000000e+00	1.510923135418527181e+02
-0.000000000000000000e+00	0.000000000000000000e+00	1.510923135418527181e+02
-0.000000000000000000e+00	0.000000000000000000e+00	1.787451720868831444e+02
0.000000000000000000e+00	0.000000000000000000e+00	-1.509537437556392376e+02
0.000000000000000000e+00	0.000000000000000000e+00	-1.509537437556392376e+02
-0.000000000000000000e+00	0.000000000000000000e+00	1.800000000000000000e+02
-0.000000000000000000e+00	0.000000000000000000e+00	1.800000000000000000e+02
-0.000000000000000000e+00	0.000000000000000000e+00	1.800000000000000000e+02
-0.000000000000000000e+00	0.000000000000000000e+00	1.800000000000000000e+02
-0.000000000000000000e+00	0.000000000000000000e+00	1.800000000000000000e+02
-0.000000000000000000e+00	0.000000000000000000e+00	1.800000000000000000e+02
-0.000000000000000000e+00	0.000000000000000000e+00	1.800000000000000000e+02
-0.000000000000000000e+00	0.000000000000000000e+00	1.800000000000000000e+02
-0.000000000000000000e+00	0.000000000000000000e+00	1.800000000000000000e+02
-0.000000000000000000e+00	0.000000000000000000e+00	1.800000000000000000e+02
-0.000000000000000000e+00	0.000000000000000000e+00	1.800000000000000000e+02
-0.000000000000000000e+00	0.000000000000000000e+00	1.800000000000000000e+02
-0.000000000000000000e+00	0.000000000000000000e+00	1.800000000000000000e+02
-0.000000000000000000e+00	0.000000000000000000e+00	1.786591212706464660e+02
-0.000000000000000000e+00	0.000000000000000000e+00	1.786591212706464660e+02
-0.000000000000000000e+00	0.000000000000000000e+00	1.509537437556392376e+02
-0.000000000000000000e+00	0.000000000000000000e+00	1.509537437556392376e+02
-0.000000000000000000e+00	0.000000000000000000e+00	1.509537437556392376e+02
-0.000000000000000000e+00	0.000000000000000000e+00	1.509537437556392376e+02
-0.000000000000000000e+00	0.000000000000000000e+00	1.509537437556392376e+02
-0.000000000000000000e+00	0.000000000000000000e+00	1.786591212706464660e+02
0.000000000000000000e+00	0.000000000000000000e+00	-1.510923135418527465e+02
-0.000000000000000000e+00	0.000000000000000000e+00	-1.510923135418527465e+02
-0.000000000000000000e+00	0.000000000000000000e+00	-1.510923135418527465e+02
0.000000000000000000e+00	0.000000000000000000e+00	-9.116317716725893661e+01
0.000000000000000000e+00	0.000000000000000000e+00	-9.116317716725893661e+01
0.000000000000000000e+00	0.000000000000000000e+00	-9.116317716725893661e+01
0.000000000000000000e+00	0.000000000000000000e+00	-9.116317716725893661e+01
0.000000000000000000e+00	0.000000000000000000e+00	-9.116317716725893661e+01
-0.000000000000000000e+00	0.000000000000000000e+00	-1.510923135418527465e+02
-0.000000000000000000e+00	0.000000000000000000e+00	-1.510923135418527465e+02
-0.000000000000000000e+00	0.000000000000000000e+00	-1.510923135418527465e+02
-0.000000000000000000e+00	0.000000000000000000e+00	-1.510923135418527465e+02
0.000000000000000000e+00	0.000000000000000000e+00	-1.510923135418527465e+02
0.000000000000000000e+00	0.000000000000000000e+00	-1.787451720868831444e+02
-0.000000000000000000e+00	0.000000000000000000e+00	-1.787451720868831444e+02
-0.000000000000000000e+00	0.000000000000000000e+00	-1.510923135418527465e+02
-0.000000000000000000e+00	0.000000000000000000e+00	1.800000000000000000e+02
-0.000000000000000000e+00	0.000000000000000000e+00	1.800000000000000000e+02
-0.000000000000000000e+00	0.000000000000000000e+00	1.800000000000000000e+02
-0.000000000000000000e+00	0.000000000000000000e+00	1.800000000000000000e+02
0.000000000000000000e+00	0.000000000000000000e+00	1.800000000000000000e+02
0.000000000000000000e+00	0.000000000000000000e+00	1.800000000000000000e+02
0.000000000000000000e+00	0.000000000000000000e+00	1.800000000000000000e+02
0.000000000000000000e+00	0.000000000000000000e+00	1.800000000000000000e+02
0.000000000000000000e+00	0.000000000000000000e+00	1.800000000000000000e+02
0.000000000000000000e+00	0.000000000000000000e+00	1.800000000000000000e+02
0.000000000000000000e+00	0.000000000000000000e+00	1.800000000000000000e+02
