15.159506 -0.196312 6.833408 -90.000000
15.154535 -1.048859 6.738021 -90.000000
15.050761 -1.569265 6.738021 -49.115927
14.593442 -2.300853 6.725135 -49.115927
13.465520 -2.799203 6.718001 -4.398705
12.388047 -2.826653 6.673253 -4.398705
11.384879 -2.826653 6.618442 -4.398705
10.352142 -2.826653 6.536355 -4.398705
9.338789 -2.826653 6.455967 -4.398705
8.278227 -2.826653 6.373244 -4.398705
8.264222 -2.774910 5.668211 -4.398705
8.288151 -2.718503 5.185703 -4.398705
8.929205 -2.612001 5.287704 -4.398705
8.921748 -2.446339 4.976115 -28.912702
9.018256 -2.302455 4.132103 -28.912702
9.016775 -2.303273 3.683140 -28.912702
8.984727 -2.333027 3.234295 -28.912702
8.978825 -2.336287 2.784622 -88.836823
9.510072 -1.772098 3.683140 -28.912702
9.301740 -1.966179 4.244535 -88.836823
9.511553 -1.771280 4.132103 -88.836823
9.702040 -1.392323 4.171146 -88.836823
9.708892 -1.236365 4.148894 -88.836823
9.653057 -1.120767 3.795404 -88.836823
9.653022 -1.122489 3.346473 -88.836823
9.518785 -1.734347 3.234295 -88.836823
9.524233 -1.698400 2.784622 -88.836823
9.652884 -1.129317 2.897725 -88.836823
9.641395 -1.175383 2.444707 -88.836823
9.652581 -1.144269 2.050493 -88.836823
9.652430 -1.151688 1.597679 -88.836823
9.663554 -1.123599 1.149402 -88.836823
9.569664 -1.475678 1.373324 -88.836823
9.521438 -1.667006 1.880979 -88.836823
9.517673 -1.702024 2.332121 -28.912702
8.972264 -2.339911 2.332121 -28.912702
8.935268 -2.372397 1.880979 -28.912702
9.212840 -2.083793 1.597679 -28.912702
8.926746 -2.377104 1.373324 -28.912702
8.524068 -2.611572 1.000000 1.340879
6.888031 -2.804766 1.000000 29.046256
5.931483 -2.477875 1.000000 29.046256
5.871845 -2.444754 1.657954 29.046256
5.716781 -2.322341 2.436622 89.043154
5.123246 -1.435589 2.436622 89.043154
5.056892 -1.183696 2.759547 29.046256
5.453462 -2.050476 2.759547 29.046256
6.213042 -2.634246 2.788288 1.340879
7.298772 -2.814359 2.814573 -1.254828
7.832274 -2.804839 2.845778 -28.912702
8.717016 -2.504999 3.142868 -28.912702
8.789027 -2.465224 3.840429 -28.912702
8.893520 -2.383404 4.298698 -28.912702
9.703599 -1.424681 4.093478 -88.836823
9.438929 -1.745517 4.298698 -88.836823
8.930036 -2.363235 4.704590 -28.912702
8.888959 -2.412048 4.917911 -28.912702
8.247188 -2.722671 4.962730 -28.912702
7.308225 -2.814580 4.927892 1.340879
6.649605 -2.771624 4.903168 1.340879
6.347695 -2.727618 5.519413 1.340879
5.799391 -2.499744 5.073495 1.340879
5.876377 -2.617970 5.293937 1.340879
5.487868 -2.826653 6.405429 1.340879
4.679990 -2.826653 6.397241 1.340879
3.874426 -2.826653 6.390754 1.340879
2.907831 -2.826653 6.415779 1.340879
2.146682 -2.826653 6.442962 1.340879
1.764003 -2.826653 6.456800 1.340879
0.581955 -2.826653 6.414889 1.340879
-0.470370 -2.826653 6.339080 1.340879
-1.531518 -2.826653 6.260781 1.340879
-2.423592 -2.826653 6.281171 1.340879
-3.258333 -2.826653 6.365830 1.340879
-4.105891 -2.826653 6.452611 1.340879
-4.612394 -2.826653 6.492370 1.340879
-5.254608 -2.826653 6.450671 1.340879
-5.903576 -2.826653 6.406558 -89.043154
-6.559222 -2.826653 6.106887 -89.043154
-6.542364 -2.683642 5.096359 -89.043154
-5.891273 -2.405762 4.904134 -89.043154
-5.250302 -1.200068 4.141793 -89.043154
-5.255473 -1.037822 4.130220 -29.046256
-5.278330 -1.144206 3.307470 -29.046256
-5.287904 -1.390042 3.274487 -29.046256
-5.267337 -1.119257 2.917197 -29.046256
-5.267649 -1.137887 2.474704 -29.046256
-5.256679 -1.114366 2.140907 -89.043154
-5.279234 -1.198265 2.029665 -29.046256
-5.279545 -1.216891 1.640328 -29.046256
-5.394528 -1.694253 2.751280 -1.340879
-5.540581 -1.955958 3.251303 1.254828
-5.938808 -2.334398 2.751280 28.912702
-5.985320 -2.372328 2.307876 28.912702
-6.006202 -2.383926 1.807231 28.912702
-5.734551 -2.121868 2.029665 -1.340879
-5.558622 -1.970026 1.640328 -29.046256
-5.414730 -1.711833 1.197933 -29.046256
-6.028429 -2.396271 1.308268 -29.046256
-6.227516 -2.518941 1.050312 28.912702
-6.846201 -2.743093 1.062329 28.912702
-8.102123 -2.799215 1.151064 28.912702
-9.036424 -2.451243 1.309130 28.912702
-9.023208 -2.458543 2.351815 28.912702
-8.456402 -2.737624 2.854244 28.912702
-7.359005 -2.810579 2.950542 4.398705
-6.673515 -2.696848 2.982646 49.115927
-6.117099 -2.457615 3.679643 49.115927
-6.174977 -2.489761 4.707904 90.000000
-7.245435 -2.807927 4.677490 90.000000
-8.351457 -2.748106 4.641062 130.884073
-8.492454 -2.691144 4.641062 175.601295
-8.892090 -2.544989 5.163551 175.601295
-8.451955 -2.768794 5.598460 180.000000
-8.662323 -2.826653 6.348955 180.000000
-9.609200 -2.826653 6.367757 180.000000
-10.093310 -2.826653 6.379141 180.000000
-10.680418 -2.826653 6.389574 180.000000
-11.863537 -2.826653 6.488375 180.000000
-12.110848 -2.826653 6.520885 151.092314
-12.781039 -2.826653 6.606020 151.092314
-13.865962 -2.773577 6.675933 151.092314
-14.487963 -2.539726 6.675933 151.092314
-15.044230 -2.038149 6.670153 151.092314
-15.385945 -1.135599 6.670153 178.745172
-15.381591 -0.447632 6.731226 -178.659121
-15.258557 0.767807 6.791142 -150.953744
-14.135192 1.864741 6.774336 -150.953744
-13.533037 1.959094 6.749967 -150.953744
-12.802759 1.974650 6.712259 -150.953744
-12.429708 1.974650 6.687362 -90.956846
-11.198219 1.974650 6.564394 -150.953744
-10.133714 1.974650 6.417939 -150.953744
-9.024847 1.974650 6.259300 -90.956846
-8.419137 1.951067 5.842346 -90.956846
-8.446619 1.885069 5.238902 -90.956846
-9.077964 1.576308 4.446271 -90.956846
-9.071831 1.579694 3.655409 -90.956846
-9.064051 1.583991 2.853913 -150.953744
-9.050137 1.591676 2.052463 -150.953744
-8.739631 1.763159 1.338558 -178.659121
-7.610531 1.962388 1.316914 178.745172
-7.060611 1.946998 1.296170 178.745172
-6.025893 1.542872 1.405341 151.092314
-6.010996 1.534599 1.811276 91.163177
-5.996721 1.526671 2.237088 91.163177
-5.983136 1.519128 2.648221 91.163177
-5.398250 0.811283 2.648221 91.163177
-5.558460 1.108353 1.996343 178.745172
-5.529386 1.097902 1.533706 -178.659121
-5.290916 0.412466 1.533706 -150.953744
-5.279383 0.355218 1.996343 -150.953744
-5.279088 0.337529 2.459479 180.000000
-5.278799 0.320270 2.932112 -18.052657
-5.267810 0.295535 3.116618 180.000000
-5.396827 0.843543 3.078458 180.000000
-5.646239 1.173193 3.116618 180.000000
-5.941107 1.483688 3.078458 180.000000
-6.572188 1.832083 3.152421 180.000000
-7.165888 1.954055 3.158727 180.000000
-7.780406 1.958827 3.207630 180.000000
-8.389444 1.902010 3.231789 180.000000
-9.131941 1.534445 3.274059 180.000000
-9.740906 0.750602 3.274059 180.000000
-9.915574 0.375098 4.146393 180.000000
-9.949828 0.676815 4.208627 178.659121
-8.986413 1.629071 5.049237 150.953744
-7.765023 1.959164 4.942795 150.953744
-7.222569 1.955380 4.861074 150.953744
-6.208580 1.656422 4.917488 150.953744
-6.523296 1.819975 5.255367 150.953744
-6.543627 1.928291 5.820020 150.953744
-6.543627 1.951484 7.152130 178.659121
-5.730257 1.974650 6.441670 -178.745172
-5.159749 1.974650 6.408230 -151.092314
-4.579138 1.974650 6.374610 -151.092314
-3.985722 1.974650 6.337936 -91.163177
-3.387951 1.974650 6.307875 -91.163177
-2.434114 1.974650 6.270528 -91.163177
-1.699667 1.974650 6.271214 -151.092314
-0.960397 1.974650 6.273696 -151.092314
-0.207678 1.974650 6.276122 -151.092314
0.753066 1.974650 6.281850 -151.092314
1.529382 1.974650 6.284820 -178.745172
2.065374 1.974650 6.298095 178.659121
2.655823 1.974650 6.338405 178.659121
3.252418 1.974650 6.388741 150.953744
3.854937 1.974650 6.433528 178.659121
4.467723 1.974650 6.484586 -178.745172
5.628799 1.974650 6.573071 -178.745172
6.324304 1.974650 6.449734 -151.092314
7.028044 1.974650 6.027569 -151.092314
6.987424 1.974650 5.587776 -151.092314
6.747105 1.933374 5.010957 -151.092314
6.143527 1.743625 4.657492 180.000000
5.974505 1.649763 4.160178 180.000000
6.060704 1.697631 3.923682 180.000000
5.983616 1.654822 3.179908 180.000000
5.908416 1.613062 2.430104 180.000000
5.924430 1.621956 1.762531 180.000000
6.473880 1.882438 1.723835 180.000000
7.077213 1.957175 1.698080 180.000000
7.676981 1.956226 1.627903 180.000000
8.273221 1.859301 1.609404 180.000000
8.925427 1.513793 1.559281 180.000000
9.493624 0.797457 1.559281 180.000000
9.641185 0.333645 2.478710 180.000000
9.514939 0.833385 2.845149 180.000000
9.271719 1.169990 2.478710 180.000000
8.891685 1.544480 2.749217 180.000000
8.809460 1.601943 3.076701 180.000000
8.521359 1.761052 3.484118 180.000000
7.949359 1.935007 3.486162 180.000000
7.307133 1.962792 3.558808 180.000000
6.687694 1.925093 3.631110 180.000000
6.321316 1.821349 4.760467 180.000000
6.910034 1.953265 4.755679 180.000000
7.491961 1.960281 4.688578 180.000000
8.087318 1.912916 4.646598 180.000000
8.879964 1.538900 4.612056 180.000000
9.727301 0.644508 4.199172 180.000000
8.428134 1.811657 5.369582 180.000000
9.333669 1.974650 6.512755 180.000000
10.464844 1.974650 6.516173 180.000000
11.666635 1.967943 6.343401 180.000000